# Created by Octave 6.3.0, Thu Sep 23 12:56:12 2021 GMT <unknown@DESKTOP-5PBJ4PD>
# name: w
# type: matrix
# rows: 3
# columns: 2
 1.24e+05 -1.24e+05
 752.5 -752.5
 -9.586e+04 9.586e+04


