# Created by Octave 6.3.0, Thu Sep 23 12:53:43 2021 GMT <unknown@DESKTOP-5PBJ4PD>
# name: w
# type: matrix
# rows: 5
# columns: 3
 -2e+05 2e+05 -1.9e+06
 -2.46e+06 -3.16e+06 -4.77e+06
 6e+05 -1.74e+06 -3.81e+06
 -5.89e+06 -1.75e+06 5e+05
 -2.27e+06 -2.09e+06 2.03e+06


