# Created by Octave 6.3.0, Thu Sep 23 12:48:08 2021 GMT <unknown@DESKTOP-5PBJ4PD>
# name: w
# type: matrix
# rows: 197
# columns: 10
 -1.975e+05 -1.831e+05 -1.934e+05 -1.999e+05 -1.876e+05 -1.774e+05 -1.851e+05 -1.883e+05 -2.196e+05 -1.933e+05
 0 0 0 0 0 0 0 0 0 0
 0 0 0 0 0 0 0 0 0 0
 -1263 -996.4 -2466 -2612 -1049 1465 -844.1 -1344 -2237 -1581
 -2491 -7846 -4336 -5241 -3722 -2043 -2071 8929 -4736 -6080
 -3642 -1.119e+04 -3437 -9390 -3925 -6298 -5721 1.308e+04 -6357 -1.223e+04
 -1.271e+04 -1.755e+04 -1.156e+04 -1.292e+04 -5318 -1.647e+04 -1.145e+04 422.5 -6393 -2.545e+04
 -2.276e+04 -2.9e+04 -2.244e+04 -2.05e+04 -2.757e+04 -3.195e+04 -3.052e+04 -2.055e+04 -2.329e+04 -2.778e+04
 -4.384e+04 -4.549e+04 -4.616e+04 -4.201e+04 -5.115e+04 -4.809e+04 -4.614e+04 -5.842e+04 -4.072e+04 -2.376e+04
 -5.569e+04 -4.815e+04 -5.401e+04 -5.477e+04 -6.357e+04 -5.318e+04 -5.525e+04 -6.591e+04 -5.049e+04 -4.027e+04
 -5.707e+04 -4.943e+04 -4.82e+04 -5.263e+04 -6.402e+04 -5.958e+04 -5.218e+04 -5.671e+04 -5.489e+04 -4.291e+04
 -4.93e+04 -4.472e+04 -5.027e+04 -4.899e+04 -4.12e+04 -4.913e+04 -5.087e+04 -4.574e+04 -4.867e+04 -5.262e+04
 -2.691e+04 -1.693e+04 -3.076e+04 -3.14e+04 -2.121e+04 -1.709e+04 -2.417e+04 -1.75e+04 -2.929e+04 -2.761e+04
 -1.348e+04 -3939 -1.265e+04 -1.753e+04 -3797 7840 -1.465e+04 -1.026e+04 -1.157e+04 -9219
 -630 -420 -390 -880 -30 830 -670 -270 -510 -1030
 -31 -130.2 -570.4 -1240 -173.6 -198.4 -49.6 1240 -167.4 -1240
 -343.1 -1307 -578 -2291 635.4 -356.4 -404.1 1839 -510.1 -791.9
 -5710 -9311 -4226 -8288 -5425 -3978 -6062 6484 -1.052e+04 -8596
 -1.958e+04 -2.539e+04 -1.906e+04 -1.859e+04 -1.999e+04 -1.192e+04 -1.908e+04 1360 -1.597e+04 -2.873e+04
 -4.529e+04 -5.977e+04 -4.536e+04 -4.123e+04 -3.773e+04 -4.073e+04 -5.341e+04 -2.549e+04 -4.198e+04 -6.31e+04
 -7.455e+04 -9.128e+04 -7.706e+04 -7.143e+04 -7.351e+04 -7.34e+04 -7.843e+04 -4.931e+04 -7.713e+04 -7.859e+04
 -9.953e+04 -1.162e+05 -9.784e+04 -9.423e+04 -1.083e+05 -1.046e+05 -1.067e+05 -8.332e+04 -9.605e+04 -8.599e+04
 -1.16e+05 -1.288e+05 -1.137e+05 -1.137e+05 -1.379e+05 -1.222e+05 -1.214e+05 -1.048e+05 -1.079e+05 -9.252e+04
 -1.253e+05 -1.355e+05 -1.292e+05 -1.302e+05 -1.515e+05 -1.341e+05 -1.307e+05 -1.171e+05 -1.224e+05 -1.011e+05
 -1.311e+05 -1.325e+05 -1.337e+05 -1.347e+05 -1.49e+05 -1.289e+05 -1.378e+05 -1.202e+05 -1.244e+05 -1.143e+05
 -1.063e+05 -1.087e+05 -1.125e+05 -1.09e+05 -9.873e+04 -1.026e+05 -1.069e+05 -8.558e+04 -1.147e+05 -1.129e+05
 -7.229e+04 -6.414e+04 -7.626e+04 -6.795e+04 -6.076e+04 -5.494e+04 -7.33e+04 -5.727e+04 -7.711e+04 -7.654e+04
 -2.938e+04 -2.002e+04 -2.718e+04 -1.842e+04 -1.8e+04 2662 -2.933e+04 -2.194e+04 -2.948e+04 -2.521e+04
 -4597 -3024 -3983 -6890 -4342 7724 -4393 -1412 -3832 -5528
 -1251 -1352 -531.8 1624 -535.3 -1394 -258.2 -580.6 -619.1 -1182
 -4079 -3073 540.7 -2663 -1757 -3691 -4872 -1875 -3700 -3935
 -1.237e+04 -1.396e+04 -1.027e+04 -1.599e+04 -1.472e+04 -1.296e+04 -1.513e+04 -9095 -6970 -1.399e+04
 -3.652e+04 -3.956e+04 -3.518e+04 -3.318e+04 -3.729e+04 -2.844e+04 -3.897e+04 -2.102e+04 -2.89e+04 -4.609e+04
 -7.464e+04 -8.609e+04 -7.038e+04 -7.055e+04 -7.282e+04 -7.31e+04 -8.325e+04 -6.113e+04 -7.573e+04 -7.162e+04
 -8.833e+04 -1.074e+05 -8.801e+04 -9.005e+04 -9.504e+04 -9.224e+04 -9.539e+04 -8.535e+04 -8.885e+04 -8.105e+04
 -8.373e+04 -9.741e+04 -8.67e+04 -8.811e+04 -9.168e+04 -8.187e+04 -9.129e+04 -6.613e+04 -7.442e+04 -8.756e+04
 -7.512e+04 -7.58e+04 -7.448e+04 -7.558e+04 -8.972e+04 -7.447e+04 -8.038e+04 -6.087e+04 -7.94e+04 -7.984e+04
 -7.237e+04 -7.243e+04 -7.266e+04 -7.376e+04 -9.471e+04 -7.75e+04 -8.87e+04 -6.828e+04 -8.962e+04 -8.843e+04
 -1.029e+05 -1.105e+05 -1.125e+05 -1.171e+05 -1.163e+05 -1.14e+05 -1.238e+05 -1.106e+05 -1.078e+05 -1.114e+05
 -1.038e+05 -1.102e+05 -1.1e+05 -1.07e+05 -9.881e+04 -1.109e+05 -1.181e+05 -9.555e+04 -1.093e+05 -1.114e+05
 -6.122e+04 -6.292e+04 -6.755e+04 -4.772e+04 -6.063e+04 -5.661e+04 -6.461e+04 -4.935e+04 -5.299e+04 -5.837e+04
 -2.987e+04 -2.616e+04 -3.013e+04 -1.538e+04 -3.123e+04 -1.289e+04 -2.651e+04 -2.155e+04 -1.504e+04 -2.633e+04
 -1.095e+04 -6186 -7781 -4925 -6887 5692 -6362 -4724 -3544 -7590
 -304.7 -620.1 2594 -183.9 -2164 -521.6 -2386 -387 -2424 -623.9
 -2793 -2146 692.2 -2818 -3254 -2069 -4602 -2491 -2296 -1395
 -1.664e+04 -1.785e+04 -1.521e+04 -2.428e+04 -2.136e+04 -1.298e+04 -2.102e+04 -1.366e+04 -1.218e+04 -2.168e+04
 -4.808e+04 -5.446e+04 -4.262e+04 -6.23e+04 -5.442e+04 -4.569e+04 -5.893e+04 -4.776e+04 -4.868e+04 -4.12e+04
 -8.278e+04 -9.514e+04 -7.569e+04 -8.063e+04 -7.532e+04 -7.443e+04 -8.316e+04 -7.46e+04 -8.47e+04 -6.981e+04
 -7e+04 -8.373e+04 -6.779e+04 -7.341e+04 -6.515e+04 -6.902e+04 -7.671e+04 -6.452e+04 -6.596e+04 -7.238e+04
 -5.345e+04 -6.365e+04 -5.894e+04 -6.81e+04 -6.326e+04 -4.712e+04 -5.347e+04 -5.312e+04 -5.644e+04 -5.034e+04
 -3.378e+04 -4.627e+04 -4.518e+04 -5.345e+04 -5.836e+04 -3.08e+04 -5.53e+04 -4.732e+04 -6.661e+04 -4.465e+04
 -5.794e+04 -5.893e+04 -7.293e+04 -6.552e+04 -7.537e+04 -6.381e+04 -7.86e+04 -5.816e+04 -8.18e+04 -7.526e+04
 -1.095e+05 -1.101e+05 -1.194e+05 -1.201e+05 -1.117e+05 -1.14e+05 -1.266e+05 -1.065e+05 -1.165e+05 -1.13e+05
 -8.773e+04 -9.672e+04 -1.001e+05 -9.008e+04 -9.921e+04 -9.755e+04 -1.135e+05 -8.723e+04 -9.497e+04 -9.286e+04
 -4.687e+04 -5.403e+04 -5.379e+04 -3.979e+04 -5.003e+04 -5.304e+04 -5.76e+04 -5.387e+04 -3.819e+04 -4.501e+04
 -2.172e+04 -2.554e+04 -2.669e+04 -3454 -2.824e+04 -2.278e+04 -2.489e+04 -2.05e+04 -1.669e+04 -2.403e+04
 -6300 -9723 -4799 1510 -9208 -5585 -8907 -4732 -5195 -6778
 -1900 -1950 2300 -280 -1740 -1980 -570 -400 -1430 -630
 -1719 -4069 -405.5 -3587 -4282 -3414 -5242 -6462 -4532 -2093
 -2.195e+04 -2.227e+04 -2.662e+04 -3.044e+04 -2.68e+04 -1.192e+04 -2.34e+04 -2.687e+04 -1.669e+04 -1.643e+04
 -5.362e+04 -6.435e+04 -6.375e+04 -7.556e+04 -5.978e+04 -5.155e+04 -5.7e+04 -6.075e+04 -5.939e+04 -3.416e+04
 -6.901e+04 -8.564e+04 -7.611e+04 -8.204e+04 -5.99e+04 -6.702e+04 -7.712e+04 -7.564e+04 -6.959e+04 -6.616e+04
 -6.524e+04 -6.877e+04 -5.64e+04 -7.617e+04 -5.802e+04 -5.438e+04 -6.838e+04 -7.301e+04 -6.253e+04 -5.531e+04
 -5.252e+04 -6.433e+04 -5.985e+04 -6.742e+04 -5.708e+04 -4.177e+04 -5.684e+04 -6.52e+04 -5.177e+04 -4.52e+04
 -6.307e+04 -5.584e+04 -6.619e+04 -6.032e+04 -6.283e+04 -5.648e+04 -5.812e+04 -7.045e+04 -5.616e+04 -4.386e+04
 -9.236e+04 -7.393e+04 -9.143e+04 -8.111e+04 -8.642e+04 -1.132e+05 -9.665e+04 -9.167e+04 -1.026e+05 -8.573e+04
 -9.933e+04 -1.103e+05 -1.097e+05 -9.955e+04 -9.908e+04 -1.348e+05 -1.224e+05 -1.087e+05 -1.091e+05 -1.092e+05
 -5.32e+04 -6.768e+04 -6.726e+04 -6.943e+04 -7.003e+04 -7.995e+04 -8.166e+04 -6.961e+04 -6.627e+04 -5.638e+04
 -1.547e+04 -3.084e+04 -3.215e+04 -1.722e+04 -2.617e+04 -4.423e+04 -3.978e+04 -3.095e+04 -2.374e+04 -2.348e+04
 1541 -8934 -5698 737 -7838 -2.435e+04 -1.105e+04 -8712 -4908 -6708
 5202 -771.1 -527.1 -776.7 -614.8 -5683 -1118 -657.5 -805.5 -560.3
 -407.9 -422.4 449.3 -52.1 -387.9 -440.8 -121.1 -72.8 -256.8 -132.6
 -216.8 -6867 -5996 -8056 784.7 -5643 -3402 -7410 -3046 -7264
 -2.239e+04 -3.158e+04 -3.747e+04 -3.65e+04 -1.638e+04 -2.191e+04 -2.32e+04 -2.916e+04 -2.392e+04 -2.442e+04
 -5.165e+04 -6.141e+04 -6.924e+04 -6.843e+04 -4.595e+04 -4.639e+04 -5.333e+04 -6.78e+04 -5.179e+04 -4.301e+04
 -6.941e+04 -7.595e+04 -9.143e+04 -8.186e+04 -5.975e+04 -6.343e+04 -7.052e+04 -8.351e+04 -6.131e+04 -5.886e+04
 -6.285e+04 -7.109e+04 -7.526e+04 -7.297e+04 -5.338e+04 -6.347e+04 -6.634e+04 -8.225e+04 -5.991e+04 -5.812e+04
 -6.398e+04 -6.551e+04 -7.598e+04 -6.674e+04 -6.228e+04 -5.751e+04 -7.151e+04 -8.132e+04 -6.923e+04 -5.159e+04
 -1.061e+05 -8.282e+04 -9.84e+04 -9.108e+04 -9.567e+04 -9.973e+04 -1.04e+05 -1.051e+05 -9.591e+04 -8.386e+04
 -1.235e+05 -1.12e+05 -1.149e+05 -1.062e+05 -1.082e+05 -1.215e+05 -1.26e+05 -1.17e+05 -1.179e+05 -1.077e+05
 -8.901e+04 -8.241e+04 -8.535e+04 -7.686e+04 -8.616e+04 -9.467e+04 -9.62e+04 -8.322e+04 -8.813e+04 -7.756e+04
 -3.867e+04 -4.151e+04 -4.184e+04 -3.859e+04 -4.248e+04 -4.974e+04 -5.613e+04 -4.524e+04 -4.534e+04 -2.662e+04
